0.0017284 	-0.0047717 	3.34374e-05 	-0.000147006
0.00358025 	-0.00952087 	0.00011579 	-0.000297632
0.00635802 	-0.0159911 	0.000284261 	-0.000524551
0.0105247 	-0.0238227 	0.000489759 	-0.000899974
0.0182096 	-0.0309633 	0.000710637 	-0.00145303
0.0287048 	-0.0348876 	0.000963525 	-0.00199827
0.0394538 	-0.0360668 	0.00115444 	-0.00234095
0.0504629 	-0.0362797 	0.00124332 	-0.00248445
0.0617382 	-0.0361673 	0.00127011 	-0.00251029
0.0732864 	-0.0359603 	0.0012617 	-0.00246937
0.0851139 	-0.0357354 	0.00124856 	-0.00236043
0.0972276 	-0.0354958 	0.00124181 	-0.00219986
0.109634 	-0.0352111 	0.00126493 	-0.00205919
0.12234 	-0.0348585 	0.00133975 	-0.00197657
0.136096 	-0.0344427 	0.00144997 	-0.0019166
0.150925 	-0.0339597 	0.00158218 	-0.00185769
0.166112 	-0.0333715 	0.00173743 	-0.00181068
0.181667 	-0.0326551 	0.00191392 	-0.00178222
0.197598 	-0.0318272 	0.00209599 	-0.00177237
0.213914 	-0.0308885 	0.00225612 	-0.00176625
0.230625 	-0.0297929 	0.00240608 	-0.00175069
0.247741 	-0.0285134 	0.00258117 	-0.00170964
0.26527 	-0.0270845 	0.00276956 	-0.00161694
0.283224 	-0.025547 	0.00293832 	-0.00146365
0.301611 	-0.0239189 	0.00308443 	-0.00126173
0.320444 	-0.0222015 	0.00323554 	-0.00105203
0.339732 	-0.0203692 	0.00341547 	-0.000883508
0.359487 	-0.0183633 	0.00363321 	-0.000738693
0.379719 	-0.0161862 	0.00387096 	-0.00053669
0.400442 	-0.0139241 	0.00407 	-0.000252416
0.421664 	-0.0115987 	0.00422701 	6.49448e-05
0.443401 	-0.00914606 	0.00439502 	0.000394443
0.465663 	-0.00654823 	0.00458211 	0.000727354
0.488464 	-0.00387532 	0.00475153 	0.00101419
0.511537 	-0.00119021 	0.00489076 	0.00120312
0.534338 	0.00150786 	0.00502485 	0.00128725
0.556601 	0.00424336 	0.00517232 	0.00131056
0.578337 	0.00700029 	0.00533012 	0.00130734
0.59956 	0.00969166 	0.00546823 	0.00123632
0.620282 	0.0122371 	0.00556597 	0.00104016
0.640515 	0.0146248 	0.00564353 	0.000731608
0.66027 	0.0168724 	0.00571745 	0.000355643
0.679558 	0.0190042 	0.0057843 	-6.04483e-05
0.69839 	0.0210615 	0.00585758 	-0.000487367
0.716778 	0.0230539 	0.00595366 	-0.000858611
0.734731 	0.0249171 	0.00605433 	-0.00111042
0.752261 	0.0265561 	0.00611228 	-0.00125875
0.769376 	0.0279021 	0.00609126 	-0.00136449
0.786087 	0.0289524 	0.00601339 	-0.00146288
0.802404 	0.0297722 	0.00592927 	-0.00156371
0.818335 	0.0304257 	0.00584054 	-0.00166306
0.833889 	0.0309228 	0.00571812 	-0.00174636
0.849077 	0.0312681 	0.00556159 	-0.00180766
0.863906 	0.0315406 	0.0053833 	-0.00185555
0.878384 	0.0318829 	0.00517293 	-0.00188926
0.892521 	0.0324298 	0.00489744 	-0.00189783
0.906324 	0.0333051 	0.00453208 	-0.00190019
0.9198 	0.0346641 	0.00406732 	-0.00191338
0.932959 	0.0366948 	0.00349612 	-0.00189541
0.945807 	0.0395676 	0.00285935 	-0.00182354
0.958351 	0.043353 	0.00221665 	-0.00176157
0.970599 	0.0480154 	0.00157497 	-0.00180009
0.982557 	0.0534653 	0.000963346 	-0.00197283
0.994232 	0.0594961 	0.000433702 	-0.00219883
1.00549 	0.0657628 	3.09548e-05 	-0.00238901
1.01656 	0.0720644 	-0.000235464 	-0.00256099
1.02783 	0.0783306 	-0.000400869 	-0.00270708
1.03928 	0.0844232 	-0.000476515 	-0.00273711
1.05092 	0.0902104 	-0.000466676 	-0.00259416
1.06276 	0.0955485 	-0.000376119 	-0.00232951
1.0748 	0.100318 	-0.000251031 	-0.00206992
1.08704 	0.104462 	-0.00015661 	-0.00190068
1.09949 	0.107989 	-9.47796e-05 	-0.00182517
1.11215 	0.111019 	-2.64221e-05 	-0.00181202
1.12502 	0.113721 	5.14335e-05 	-0.00179902
1.1381 	0.116204 	0.000107154 	-0.00171393
1.15141 	0.11849 	0.00012927 	-0.00156023
1.16494 	0.120602 	0.000123611 	-0.00140028
1.1787 	0.1226 	0.000110174 	-0.00123834
1.19269 	0.124553 	9.2033e-05 	-0.00106301
1.20692 	0.126521 	5.30131e-05 	-0.000939467
1.22139 	0.128494 	-7.20118e-06 	-0.000901314
1.2361 	0.130441 	-6.7556e-05 	-0.000900969
1.25106 	0.132389 	-9.47158e-05 	-0.000917765
1.26627 	0.134306 	-0.000100513 	-0.000969568
1.28173 	0.13613 	-0.000110324 	-0.001045
1.29746 	0.1379 	-0.000120312 	-0.00109109
1.31345 	0.13965 	-0.000133919 	-0.00106195
1.32971 	0.141346 	-0.000135502 	-0.000968165
1.34625 	0.142968 	-0.000121082 	-0.00084284
1.36306 	0.144521 	-0.000101897 	-0.00071883
1.38016 	0.145984 	-7.126e-05 	-0.000644193
1.39754 	0.147287 	-4.3901e-05 	-0.000644454
1.41522 	0.148412 	-3.25373e-05 	-0.000716638
1.43319 	0.149427 	-2.48356e-05 	-0.000840843
1.45147 	0.150404 	-1.18945e-05 	-0.000983604
1.47006 	0.151354 	-1.32628e-05 	-0.00111009
1.48896 	0.15229 	-4.18745e-05 	-0.00119677
1.50818 	0.153284 	-5.35765e-05 	-0.00125071
1.52772 	0.154354 	-2.62638e-05 	-0.00129972
1.54759 	0.155409 	4.75391e-06 	-0.00137459
1.56779 	0.156414 	2.23483e-05 	-0.00150587
1.58834 	0.157428 	2.98516e-05 	-0.00167756
1.60923 	0.158449 	3.00017e-05 	-0.0018113
1.63047 	0.159407 	3.48944e-05 	-0.00186801
1.65207 	0.160318 	5.63054e-05 	-0.00185368
1.67403 	0.161283 	7.36709e-05 	-0.00178866
1.69637 	0.162323 	5.43218e-05 	-0.00171417
1.71908 	0.163392 	1.52749e-05 	-0.001621
1.74217 	0.164467 	-2.72932e-06 	-0.00147334
1.76565 	0.165535 	4.11064e-06 	-0.00128658
1.78953 	0.166552 	1.26209e-05 	-0.00111538
1.81381 	0.167514 	2.38193e-05 	-0.000974999
1.8385 	0.168463 	4.73075e-05 	-0.000822052
1.8636 	0.169381 	6.51413e-05 	-0.000643719
1.88913 	0.170198 	4.2488e-05 	-0.000485858
1.91509 	0.170911 	-2.36143e-05 	-0.000366242
1.94148 	0.171539 	-7.22791e-05 	-0.000236832
1.96832 	0.172123 	-7.98451e-05 	-6.6613e-05
1.99561 	0.172748 	-7.97012e-05 	0.000120951
2.02336 	0.173493 	-7.91202e-05 	0.000331527
2.05158 	0.17437 	-6.92565e-05 	0.000588278
2.08027 	0.175325 	-6.2273e-05 	0.000816058
2.10945 	0.176329 	-6.89389e-05 	0.000932891
2.13912 	0.177433 	-5.94922e-05 	0.00095937
2.16929 	0.178695 	-3.56982e-05 	0.000919531
2.19996 	0.180084 	-4.42376e-05 	0.000780536
2.23115 	0.181507 	-7.18145e-05 	0.000568952
2.26287 	0.18293 	-6.40265e-05 	0.000474545
2.29512 	0.184362 	-5.35782e-05 	0.000641996
2.32791 	0.185745 	-9.32442e-05 	0.00094463
2.36126 	0.187016 	-0.000115153 	0.00116828
2.39518 	0.18816 	-9.42569e-05 	0.00125113
2.42965 	0.18916 	-6.65396e-05 	0.00126569
2.46471 	0.190015 	-2.23605e-05 	0.00129646
2.50036 	0.190807 	1.28042e-05 	0.0013824
2.53662 	0.191635 	2.33034e-05 	0.00154725
2.57348 	0.192545 	1.95012e-05 	0.00184562
2.61096 	0.193543 	1.40084e-05 	0.00229839
2.64907 	0.194597 	2.43559e-05 	0.00278353
2.68783 	0.195621 	3.00174e-05 	0.00318383
2.72724 	0.196521 	-1.48724e-06 	0.00350412
2.76731 	0.197278 	-3.29023e-05 	0.00372771
2.80807 	0.197882 	-3.15941e-05 	0.00384526
2.8495 	0.198398 	-4.54609e-05 	0.00390932
2.89163 	0.198896 	-5.30496e-05 	0.00386171
2.93447 	0.199408 	0.000105347 	0.00361551
2.97804 	0.198374 	0.000126347 	0.00324051
