#	xx	yy	yy	k
0.000493827	2.07E-06	3.43E-09	5.28E-06	3.68E-06
0.0017284	1.02E-05	5.95E-08	2.61E-05	1.82E-05
0.00358025	2.64E-05	5.77E-07	7.02E-05	4.86E-05
0.00635802	4.55E-05	3.57E-06	0.000130911	9.00E-05
0.0105247	5.62E-05	1.44E-05	0.000182444	1.27E-04
0.0182096	5.61E-05	3.74E-05	0.000197335	1.45E-04
0.0287048	5.29E-05	6.81E-05	0.000173512	1.47E-04
0.0394538	5.21E-05	9.79E-05	0.000137803	1.44E-04
0.0504629	5.35E-05	0.000121792	0.000111359	1.43E-04
0.0617383	5.56E-05	0.000138207	9.63E-05	1.45E-04
0.0732864	5.72E-05	0.000147738	8.93E-05	1.47E-04
0.0851139	5.78E-05	0.000152075	8.63E-05	1.48E-04
0.0972277	5.76E-05	0.000153534	8.41E-05	1.48E-04
0.109634	5.64E-05	0.000153355	8.19E-05	1.46E-04
0.122341	5.46E-05	0.000151633	7.99E-05	1.43E-04
0.136096	5.32E-05	0.000148276	7.81E-05	1.40E-04
0.150925	5.29E-05	0.000143529	7.61E-05	1.36E-04
0.166112	5.35E-05	0.000137778	7.34E-05	1.32E-04
0.181667	5.46E-05	0.000130983	7.05E-05	1.28E-04
0.197598	5.54E-05	0.000123552	6.80E-05	1.23E-04
0.213915	5.54E-05	0.000116531	6.55E-05	1.19E-04
0.230626	5.47E-05	0.000110378	6.26E-05	1.14E-04
0.247741	5.38E-05	0.00010481	5.96E-05	1.09E-04
0.26527	5.31E-05	9.93E-05	5.71E-05	1.05E-04
0.283224	5.23E-05	9.34E-05	5.51E-05	1.00E-04
0.301611	5.09E-05	8.69E-05	5.35E-05	9.57E-05
0.320444	4.92E-05	7.96E-05	5.13E-05	9.00E-05
0.339732	4.73E-05	7.16E-05	4.81E-05	8.35E-05
0.359487	4.57E-05	6.36E-05	4.47E-05	7.70E-05
0.37972	4.44E-05	5.64E-05	4.13E-05	7.11E-05
0.400442	4.34E-05	5.02E-05	3.76E-05	6.57E-05
0.421665	4.28E-05	4.49E-05	3.40E-05	6.09E-05
0.443401	4.27E-05	4.03E-05	3.11E-05	5.70E-05
0.465664	4.25E-05	3.64E-05	2.88E-05	5.39E-05
0.488465	4.22E-05	3.32E-05	2.70E-05	5.12E-05
0.511537	4.16E-05	3.03E-05	2.58E-05	4.88E-05
0.534339	4.09E-05	2.79E-05	2.49E-05	4.68E-05
0.556601	4.01E-05	2.61E-05	2.43E-05	4.52E-05
0.578337	3.94E-05	2.46E-05	2.38E-05	4.39E-05
0.59956	3.88E-05	2.33E-05	2.35E-05	4.28E-05
0.620282	3.83E-05	2.22E-05	2.33E-05	4.19E-05
0.640515	3.82E-05	2.15E-05	2.34E-05	4.15E-05
0.660269	3.83E-05	2.11E-05	2.37E-05	4.15E-05
0.679558	3.83E-05	2.12E-05	2.42E-05	4.19E-05
0.69839	3.83E-05	2.17E-05	2.49E-05	4.25E-05
0.716778	3.83E-05	2.25E-05	2.59E-05	4.33E-05
0.734731	3.87E-05	2.36E-05	2.69E-05	4.46E-05
0.752261	3.97E-05	2.54E-05	2.81E-05	4.66E-05
0.769376	4.16E-05	2.81E-05	2.96E-05	4.96E-05
0.786087	4.46E-05	3.19E-05	3.18E-05	5.41E-05
0.802404	4.91E-05	3.69E-05	3.52E-05	6.06E-05
0.818335	5.57E-05	4.35E-05	4.01E-05	6.97E-05
0.833889	6.53E-05	5.24E-05	4.65E-05	8.21E-05
0.849077	7.86E-05	6.39E-05	5.45E-05	9.85E-05
0.863906	9.60E-05	7.83E-05	6.47E-05	1.20E-04
0.878384	0.000118815	9.50E-05	7.81E-05	1.46E-04
0.892521	0.00014912	0.00011343	9.56E-05	1.79E-04
0.906324	0.000187658	0.000133168	0.000116873	2.19E-04
0.9198	0.000233231	0.000153919	0.00014129	2.64E-04
0.932959	0.000282302	0.000174382	0.000167647	3.12E-04
0.945807	0.000332074	0.000193443	0.000193663	3.60E-04
0.958351	0.00038308	0.000210039	0.000216897	4.05E-04
0.970599	0.000433541	0.000223074	0.000236544	4.47E-04
0.982557	0.000480085	0.000232904	0.000253533	4.83E-04
0.994232	0.000521698	0.000239189	0.00026871	5.15E-04
1.00549	0.000555799	0.000241094	0.000281432	5.39E-04
1.01656	0.000579813	0.000239612	0.000290236	5.55E-04
1.02783	0.000593764	0.000236003	0.000293868	5.62E-04
1.03928	0.000598448	0.000231108	0.000292939	5.61E-04
1.05092	0.000593704	0.000225292	0.00029009	5.55E-04
1.06276	0.000577487	0.000218995	0.000285782	5.41E-04
1.0748	0.000550577	0.000212226	0.000278005	5.20E-04
1.08704	0.000519264	0.000205028	0.00026769	4.96E-04
1.09949	0.000488636	0.000198402	0.000256915	4.72E-04
1.11215	0.000458287	0.000192771	0.000246191	4.49E-04
1.12502	0.000429368	0.000188008	0.000236602	4.27E-04
1.1381	0.000404742	0.000183703	0.000228856	4.09E-04
1.15141	0.000383727	0.000179745	0.000222539	3.93E-04
1.16494	0.000366015	0.000176804	0.000217494	3.80E-04
1.1787	0.000351107	0.000174817	0.000214893	3.70E-04
1.19269	0.000336938	0.000173014	0.000214963	3.62E-04
1.20692	0.000323241	0.000171271	0.000214769	3.55E-04
1.22139	0.000309943	0.000169636	0.000211992	3.46E-04
1.2361	0.000297239	0.000168185	0.000207812	3.37E-04
1.25106	0.000286148	0.000167168	0.000203766	3.29E-04
1.26627	0.000276914	0.000165617	0.000200013	3.21E-04
1.28173	0.000269484	0.000162791	0.000196648	3.14E-04
1.29746	0.000263906	0.000159057	0.000192945	3.08E-04
1.31345	0.00025964	0.000154275	0.000187751	3.01E-04
1.32971	0.000255552	0.000149014	0.000181689	2.93E-04
1.34625	0.000251337	0.000143975	0.000176486	2.86E-04
1.36306	0.000245954	0.000139148	0.000171759	2.78E-04
1.38016	0.000238037	0.000134468	0.00016543	2.69E-04
1.39754	0.000228057	0.00012947	0.000158532	2.58E-04
1.41522	0.000216852	0.000124275	0.000154112	2.48E-04
1.43319	0.000205631	0.000119935	0.000151557	2.39E-04
1.45147	0.000196058	0.000116934	0.000147717	2.30E-04
1.47006	0.000188395	0.00011483	0.000142182	2.23E-04
1.48896	0.000182536	0.000113297	0.000137218	2.17E-04
1.50818	0.000179303	0.000112161	0.000134076	2.13E-04
1.52772	0.000179131	0.000111208	0.000131729	2.11E-04
1.54759	0.000182282	0.000110124	0.000129407	2.11E-04
1.56779	0.000187469	0.000108788	0.000128124	2.12E-04
1.58834	0.000191151	0.000108131	0.000127679	2.13E-04
1.60923	0.000191566	0.000108857	0.000126694	2.14E-04
1.63047	0.000190106	0.00011	0.000125193	2.13E-04
1.65207	0.00018906	0.000110069	0.000123991	2.12E-04
1.67403	0.00018875	0.000109059	0.000123679	2.11E-04
1.69637	0.000187715	0.000107873	0.000123704	2.10E-04
1.71908	0.000185489	0.000106828	0.000122803	2.08E-04
1.74217	0.000181764	0.000106299	0.00012133	2.05E-04
1.76565	0.000176074	0.000106362	0.000120153	2.01E-04
1.78953	0.000169012	0.000106014	0.000118531	1.97E-04
1.81381	0.000161459	0.000104952	0.000116407	1.91E-04
1.8385	0.000153412	0.000103576	0.000115178	1.86E-04
1.8636	0.000144651	0.00010152	0.00011475	1.80E-04
1.88913	0.000136782	9.88E-05	0.00011308	1.74E-04
1.91509	0.000130572	9.55E-05	0.000109083	1.68E-04
1.94148	0.000124821	9.19E-05	0.000104567	1.61E-04
1.96832	0.000118997	8.84E-05	0.000102275	1.55E-04
1.99561	0.000113632	8.56E-05	0.000103621	1.51E-04
2.02336	0.000109342	8.44E-05	0.000107901	1.51E-04
2.05158	0.000105345	8.40E-05	0.000111524	1.50E-04
2.08027	0.000100878	8.39E-05	0.000112264	1.49E-04
2.10945	9.66E-05	8.40E-05	0.000112049	1.46E-04
2.13912	9.35E-05	8.42E-05	0.000112314	1.45E-04
2.16929	9.22E-05	8.43E-05	0.000111971	1.44E-04
2.19996	9.23E-05	8.41E-05	0.000109111	1.43E-04
2.23115	9.43E-05	8.40E-05	0.000103587	1.41E-04
2.26287	9.79E-05	8.38E-05	9.72E-05	1.39E-04
2.29512	9.94E-05	8.34E-05	9.14E-05	1.37E-04
2.32791	9.58E-05	8.19E-05	8.59E-05	1.32E-04
2.36126	8.92E-05	7.90E-05	7.91E-05	1.24E-04
2.39517	8.26E-05	7.52E-05	7.18E-05	1.15E-04
2.42965	7.62E-05	7.01E-05	6.60E-05	1.06E-04
2.46471	7.05E-05	6.41E-05	6.16E-05	9.81E-05
2.50036	6.58E-05	5.84E-05	5.88E-05	9.15E-05
2.53662	6.12E-05	5.29E-05	5.75E-05	8.58E-05
2.57348	5.63E-05	4.78E-05	5.58E-05	7.99E-05
2.61096	5.11E-05	4.36E-05	5.21E-05	7.34E-05
2.64907	4.55E-05	3.97E-05	4.67E-05	6.59E-05
2.68783	3.98E-05	3.57E-05	4.05E-05	5.80E-05
2.72724	3.51E-05	3.19E-05	3.50E-05	5.10E-05
2.76731	3.19E-05	2.80E-05	3.12E-05	4.56E-05
2.80806	2.95E-05	2.36E-05	2.85E-05	4.08E-05
2.8495	2.74E-05	1.88E-05	2.61E-05	3.61E-05
2.89163	2.56E-05	1.39E-05	2.34E-05	3.15E-05
2.93447	2.46E-05	8.53E-06	2.01E-05	2.66E-05
2.97803	3.05E-05	2.78E-06	1.73E-05	2.53E-05
